72
91
97
102
605
895
1072
1184
1437
1444
1459
1581
1614
1675
1708
1789
1816
1977
2032
2432
2480
2691
3433
3854
3855
3992
4200
4253
4469
5358
5460
5662
5798
5923
5965
6114
6171
6204
6250
6348
6747
6776
7026
7104
7238
7531
7539
7853
7866
8005
8197
8263
8694
8982
9125
9355
9356
9459
9759
9768
9860
9964
9991
9996
10068
10195
10201
10302
10356
10514
10753
10800
10820
10964
11142
11420
11508
11808
11909
11981
12089
12222
12379
12428
12567
13011
13294
13322
13666
13760
13870
13940
14352
14478
14563
14779
14979
15075
15181
15196
15254
15284
15415
15440
15824
16068
16199
16223
16360
16420
16552
17439
17946
18246
18291
18621
18673
18734
18829
18928
19253
19897
20177
20270
20297
20591
20666
20722
20761
20904
21388
21486
21494
21499
21613
21620
21766
22026
22402
22580
22586
22820
23101
23185
23481
23513
23563
23824
23878
23883
24052
24086
24322
24451
24456
24540
24718
24781
25340
25945
26034
26098
26629
26808
26909
26910
27674
27872
28151
28235
28380
28750
28965
29042
29059
29106
29207
29353
29594
29637
29964
30117
30262
30479
30745
30768
30990
31029
31063
31065
31648
31811
31895
31923
32047
32229
32246
32404
32501
32556
33386
33457
33485
33571
33711
34234
34343
34514
35165
35207
35212
35221
35501
35551
35588
35751
35922
35948
36143
36511
36593
37074
37143
37469
37675
37944
38028
38283
38563
38653
38887
39383
39593
39660
39719
39758
39842
40193
40283
40647
40840
41230
41241
41292
41428
41540
41633
41800
41844
41961
42352
42523
42566
42604
42662
42668
42740
42845
42893
42913
43631
43669
43721
44357
44581
44619
44720
44743
45142
45151
45190
45305
45309
45586
45625
45788
45893
45962
46034
46248
46290
46497
46733
46813
46838
46925
47307
47388
47732
48146
48183
48188
48292
48398
48460
48540
48571
49143
49386
49671
49731
49820
49861
49866
49951
49986
50063
50200
50292
50366
50429
50612
50818
50836
50884
50974
50981
51063
51218
51432
51529
51965
52049
52148
52328
52333
52403
52413
52604
52684
52931
52948
53113
53147
53336
53463
53598
54049
54304
54339
54350
54447
54567
54634
54692
54888
54909
55368
55709
55728
55824
55841
55854
55896
55911
55987
56132
56283
56381
56534
57269
57290
57477
57531
57601
58339
58375
58704
58721
58766
59335
59387
59393
59504
59659
59697
59702
60230
60320
60400
60418
60593
60617
60701
60736
60757
61073
61139
61294
61317
61486
61523
61612
61831
61901
62050
62112
62203
62349
62378
62555
62851
63264
63285
63318
63370
63474
63561
63582
63584
63657
64118
64160
64231
64254
64354
64538
64710
64895
65032
65114
65345