Sample Input and output for the Routing_Objects.py

EZScape TAS Tournamnet Task 2 Sample Input 1:
10 5
Start 2685.03 2560 1902.55
29 -250.00 2950.00 1770.00
30 1746.00 3620.00 -3120.00
31 2177.00 2600.00 250.00
32 3385.00 2395.00 -280.00
33 650.00 2600.00 -1420.00
34 2700.00 3600.00 -900.00
35 -2549.00 2600.00 -571.00
36 -1270.00 2620.00 1650.00
113 -2498.53 1892.00 -66.32
138 450.37 3684.00 208.69
End1 590.00 2450.00 2650.00
0
0

Output:
31 32 34 138 29 10269.435134943727
32 31 138 36 29 10549.906296590205
32 34 31 138 29 10644.029140437917
31 34 138 36 29 10727.778706140858
32 31 138 29 36 10731.421902413455
31 34 33 138 29 10823.861414634677
31 33 138 36 29 10836.646430499606
31 34 138 29 36 10909.29431196411
32 31 34 138 29 10930.857413692505
31 33 138 29 36 11018.162036322858

Task 2 Sample Input 2:
10 5
Start 2685.03 2560 1902.55
29 -250.00 2950.00 1770.00
30 1746.00 3620.00 -3120.00
31 2177.00 2600.00 250.00
32 3385.00 2395.00 -280.00
33 650.00 2600.00 -1420.00
34 2700.00 3600.00 -900.00
35 -2549.00 2600.00 -571.00
36 -1270.00 2620.00 1650.00
113 -2498.53 1892.00 -66.32
138 450.37 3684.00 208.69
End2 -2500.00 1500.00 -750.00
0
0

Output:
31 138 29 36 113 9729.994047036522
31 29 36 113 35 9912.278716696821
31 29 36 35 113 9915.12750273694
138 29 36 113 35 10180.883764882396
138 29 36 35 113 10183.732550922514
31 138 29 36 35 10387.755752318997
31 138 36 113 35 10471.425603774802
31 138 36 35 113 10474.274389814922
31 138 29 35 113 10589.179095415915
32 31 138 35 113 10614.270183761326


Below the sample input is valid but the output is outdated


Sample Input:
3 2
start 0 0 0
a 1 1 1
b 3 4 5
c 7 8 9
end 10 10 10
0
0

>>> [a, b]
>>> 17.605304096404897


Round 4 Sample Input:
10 8
start 604.716 -1116 -3211.966
0 3169.815 212 -3660.273
1 -3412.884 1152.978 -22.28
2 -2671.604 2464 -66.016
3 5795.959 3333 -2334.091
4 5046.201 2000 304.377
5 2819.269 -1016 -30.343
6 3554 5006 -2343
7 -2552.281 3479 -5511.287
8 -6286.799 4042 -2140.868
9 1587.481 1040 -180.28
star -134.584 3949 -2347.358
0
1
start 2

>>> ['2', '1', '9', '5', '0', '4', '3', '6']
>>> 32964.51012547283