58
70
586
657
880
904
935
1030
1067
1098
1485
1488
1502
1625
1763
1823
1903
2167
2356
2528
2534
2635
2762
2764
3067
3250
3330
3398
3717
3974
4444
4531
4600
4713
4981
5229
5232
5794
5847
5942
5977
5979
6137
6198
6260
6375
6454
6587
6703
6846
7021
7127
7252
7260
7364
8050
8125
8407
8470
8649
9124
9235
9282
9469
9672
9678
9847
9877
10191
10287
10446
11055
11149
11232
11362
11379
11494
11495
11553
11658
11883
11923
11977
12193
12393
12418
12470
12639
12688
12783
12834
12950
13388
13473
13524
13711
13880
13912
14016
14110
14133
14218
14775
14955
15053
15103
15222
15316
15321
15360
15431
15489
15539
15606
15619
15806
15810
15967
16098
16190
16298
16580
16775
16890
17090
17573
17590
17698
17744
17792
17864
17993
18210
18358
18495
18641
18766
18866
19002
19141
19382
19395
19401
19593
19731
19946
20127
20519
20602
20686
20745
20758
20926
20975
21536
21859
22072
22146
22357
22445
22465
22585
22767
22861
23221
23485
23531
23847
24058
24226
24324
24334
24497
24604
24633
24799
24964
24972
25230
25237
25411
25676
25889
25894
26611
26870
27052
27061
27169
27382
27423
27491
27580
27881
27911
27932
28292
28708
28856
28938
28946
29031
29437
29853
29965
30005
30286
30291
30499
30556
30571
30682
30914
31014
31325
31332
31543
31847
32060
32468
32486
32517
32561
32787
32894
32937
32975
33093
33104
33163
33183
33259
33270
33500
33522
33709
33865
33918
34118
34258
34507
34523
34866
34953
34981
35456
35504
35536
35573
35581
35621
35653
35705
35748
36289
36487
36626
36637
37158
37528
37655
37854
37865
37879
37920
38100
38191
38309
38542
38543
38554
38639
38724
38755
39030
39031
39245
39268
39884
39885
39931
39963
40018
40031
40033
40058
40170
40215
40255
40311
40697
41201
41329
41372
41605
41625
41643
42197
42215
42390
42538
42571
42712
42828
42859
42998
43425
43799
43952
44157
44261
44265
44304
44511
44520
44627
44943
45074
45548
45641
45920
45921
46158
46407
46628
47154
47298
47321
47402
47419
47513
47596
47694
47720
47876
48059
48116
48118
48130
48255
48414
48463
48468
48738
48776
48845
49279
49575
49712
49809
49875
49937
50122
50163
50457
50458
50692
50732
50899
51015
51104
51514
51612
51714
52219
52251
52364
52584
52737
52744
53086
53273
53544
53553
53791
53968
54389
54673
54777
54848
54874
54946
55125
55280
55350
55519
55533
55862
55986
55990
56022
56130
56181
56279
56428
56564
56603
56650
57205
57207
57296
57314
57375
57450
57575
57618
57641
57743
58227
58310
58577
58794
59077
59223
59532
59789
59805
59977
60321
60349
60580
60667
60702
61014
61393
61415
61454
61550
61651
61687
61738
61790
62069
62074
62142
62446
62676
62744
63021
63366
63416
63549
63642
63669
64026
64192
64308
64309
64341
64485
64886
64910
65446
65489
