31
32
36
43
56
99
123
126
127
129
187
190
211
215
220
237
240
246
249
255
281
295
302
308
311
319
330
357
406
410
415
421
433
438
455
465
483
515
528
533
573
620
628
633
641
660
672
698
741
749
751
761
764
767
773
779
782
786
794
795
797
811
828
878
883
915
934
963
965
985
997
999
1031
1041
1049
1070
1103
1110
1152
1162
1166
1176
1196
1219
1235
1237
1265
1272
1278
1282
1302
1315
1355
1359
1371
1387
1389
1397
1423
1428
1433
1434
1457
1478
1481
1488
1497
1504
1559
1564
1566
1572
1625
1643
1651
1658
1685
1688
1705
1710
1716
1717
1732
1752
1782
1797
1800
1813
1825
1853
1860
1867
1883
1946
1974
1997
2027
2063
2079
2083
2136
2142
2170
2186
2194
2209
2210
2231
2240
2269
2281
2291
2298
2310
2320
2324
2326
2330
2341
2355
2399
2401
2411
2428
2433
2448
2453
2463
2467
2485
2493
2504
2508
2514
2524
2531
2558
2562
2563
2565
2568
2576
2582
2583
2585
2641
2653
2659
2673
2696
2748
2756
2780
2786
2789
2816
2831
2849
2865
2876
2887
2890
2914
2916
2924
2962
3002
3006
3013
3062
3080
3113
3118
3120
3148
3169
3183
3229
3250
3306
3308
3341
3348
3354
3360
3427
3430
3446
3464
3476
3502
3504
3552
3556
3563
3571
3597
3615
3631
3652
3654
3671
3685
3690
3732
3734
3755
3759
3760
3812
3831
3833
3836
3843
3852
3879
3951
3961
3970
4026
4038
4046
4054
4077
4092
4105
4142
4144
4157
4159
4161
4199
4206
4219
4239
4261
4292
4303
4312
4322
4348
4373
4376
4421
4438
4468
4492
4502
4525
4526
4528
4530
4536
4579
4613
4615
4659
4710
4719
4720
4740
4764
4806
4826
4843
4898
4904
4945
4975
4986
5001
5008
5024
5034
5035
5039
5049
5055
5072
5087
5096
5114
5128
5210
5268
5284
5288
5309
5314
5315
5331
5337
5363
5379
5382
5386
5396
5398
5421
5455
5482
5495
5501
5507
5521
5566
5569
5580
5581
5592
5630
5644
5646
5652
5677
5680
5714
5744
5755
5792
5802
5806
5812
5849
5854
5855
5882
5891
5901
5904
5925
5931
5948
5972
5974
6000
6028
6035
6040
6060
6064
6068
6069
6091
6113
6149
6164
6167
6173
6181
6193
6226
6230
6232
6236
6245
6267
6338
6380
6380
6416
6418
6422
6442
6454
6478
6481
6490
6503
6523
6528
6531
6569
6586
6599
6614
6629
6652
6654
6661
6672
6676
6700
6750
6754
6786
6803
6813
6824
6833
6841
6875
6881
6884
6888
6913
6927
6947
6962
6980
7016
7052
7068
7073
7075
7089
7093
7102
7119
7133
7148
7175
7182
7189
7205
7208
7226
7228
7245
7275
7277
7287
7334
7353
7373
7400
7410
7432
7457
7470
7498
7560
7613
7615
7639
7673
7713
7729
7753
7758
7767
7768
7780
7786
7814
7826
7840
7849
7860
7862
7881
7884
7890
7899
7909
7913
7952
7986
7992
8007
8027
8040
8045
8047
8064
8092
8097
8099
8105
8123
8141
8147
8153
8154
8161
8211
8230
8243
8252
8266
8334
8342
8360
8366
8374
8378
8380
8393
8398
8444
8460
8466
8500
8521
8557
8599
8629
8656
8661
8673
8700
8727
8752
8759
8762
8773
8801
8809
8828
8896
8901
8902
8910
8989
9005
9014
9015
9054
9056
9057
9068
9072
9081
9102
9104
9129
9136
9138
9142
9190
9229
9239
9286
9293
9299
9321
9324
9345
9353
9361
9409
9410
9427
9447
9449
9468
9491
9533
9538
9545
9558
9580
9587
9608
9634
9665
9690
9697
9713
9744
9787
9792
9794
9795
9803
9816
9825
9827
9837
9880
9920
9926
9935
9949
9953
9963
9981
9985
9995
10040
10048
10049
10052
10071
10076
10095
10097
10103
10109
10132
10143
10151
10196
10202
10207
10226
10278
10284
10286
10292
10308
10316
10330
10332
10348
10355
10361
10383
10395
10408
10419
10454
10457
10475
10481
10491
10499
10501
10503
10511
10520
10521
10524
10539
10654
10665
10693
10705
10723
10732
10739
10755
10815
10829
10849
10871
10892
10894
10901
10902
10907
10916
10926
10936
10947
10972
10983
10997
11001
11006
11007
11023
11044
11045
11068
11078
11091
11097
11114
11123
11145
11163
11230
11258
11272
11279
11316
11350
11353
11370
11373
11388
11416
11435
11487
11491
11495
11505
11519
11539
11556
11566
11591
11603
11621
11625
11726
11754
11794
11799
11836
11845
11852
11877
11893
11915
11939
11994
12008
12022
12048
12072
12079
12093
12107
12122
12128
12132
12148
12162
12184
12188
12195
12215
12236
12251
12255
12265
12271
12276
12279
12284
12295
12303
12341
12348
12397
12403
12414
12424
12438
12469
12495
12521
12523
12582
12641
12642
12661
12673
12687
12703
12716
12718
12739
12752
12761
12777
12786
12812
12828
12831
12868
12874
12875
12889
12899
12901
12930
12963
12987
12991
12999
13025
13047
13048
13050
13051
13059
13077
13087
13113
13124
13126
13144
13156
13190
13257
13267
13281
13285
13286
13305
13307
13309
13325
13348
13364
13425
13431
13460
13494
13513
13522
13534
13540
13566
13572
13584
13587
13599
13608
13622
13636
13668
13684
13692
13708
13719
13727
13730
13749
13751
13784
13794
13842
13851
13859
13890
13910
13962
13971
13972
13974
14002
14003
14035
14037
14049
14084
14147
14181
14201
14210
14213
14214
14217
14220
14259
14264
14312
14331
14332
14335
14365
14385
14388
14412
14421
14430
14441
14477
14483
14484
14485
14505
14521
14528
14536
14584
14613
14624
14647
14663
14665
14710
14716
14722
14732
14792
14801
14805
14814
14863
14879
14889
14909
14917
14929
14947
14972
14985
15003
15006
15012
15042
15109
15118
15160
15169
15205
15210
15213
15223
15231
15235
15240
15261
15263
15273
15306
15346
15373
15386
15395
15418
15444
15450
15455
15509
15528
15561
15569
15598
15603
15612
15639
15641
15681
15691
15695
15727
15730
15765
15767
15797
15801
15812
15820
15822
15864
15866
15869
15870
15881
15898
15914
15929
15934
15937
15941
15947
15949
15953
15979
15984
15989
16027
16049
16111
16116
16124
16155
16175
16247
16251
16256
16290
16323
16325
16332
16341
16351
16352
16355
16356
16362
16384
16394
16402
16412
16424
16433
16439
16464
16475
16508
16537
16544
16547
16563
16580
16593
16594
16598
16630
16634
16641
16690
16706
16712
16731
16740
16750
16758
16792
16816
16827
16869
16871
16898
16899
16909
16921
16964
16966
16974
16990
17016
17025
17034
17036
17049
17056
17092
17109
17111
17124
17145
17160
17164
17188
17198
17211
17241
17269
17282
17284
17289
17291
17298
17303
17327
17378
17394
17406
17500
17504
17516
17522
17546
17547
17564
17575
17603
17623
17625
17641
17642
17647
17662
17678
17708
17716
17733
17737
17739
17741
17743
17752
17761
17801
17844
17846
17848
17849
17855
17864
17868
17869
17893
17911
17921
17924
17926
17934
17950
17981
17987
17989
17991
18008
18041
18068
18089
18094
18115
18142
18146
18149
18154
18175
18189
18209
18212
18227
18259
18292
18305
18318
18319
18340
18381
18387
18391
18402
18405
18411
18415
18417
18480
18486
18489
18500
18533
18534
18588
18596
18637
18645
18695
18701
18726
18732
18746
18796
18809
18837
18875
18879
18882
18883
18896
18920
18930
18958
18972
18991
19011
19019
19031
19050
19062
19067
19077
19089
19158
19176
19182
19201
19229
19239
19251
19264
19286
19288
19300
19319
19330
19338
19358
19368
19411
19417
19422
19437
19463
19513
19515
19547
19576
19597
19639
19641
19674
19682
19702
19721
19729
19742
19796
19856
19860
19894
19896
19900
19919
19931
19937
19961
19987
19993
20016
20043
20048
20092
20100
20107
20123
20165
20173
20202
20230
20240
20246
20283
20338
20363
20377
20384
20408
20428
20442
20448
20475
20492
20520
20542
20545
20557
20565
20567
20585
20611
20615
20639
20642
20657
20658
20680
20724
20726
20736
20741
20771
20773
20795
20838
20842
20854
20858
20863
20866
20871
20893
20895
20902
20929
20933
20935
20944
20967
20969
20972
20979
20997
21021
21045
21066
21090
21094
21138
21143
21144
21150
21162
21187
21211
21252
21256
21280
21288
21321
21355
21381
21456
21460
21472
21497
21537
21556
21567
21568
21569
21593
21616
21625
21646
21648
21656
21668
21681
21691
21694
21713
21733
21735
21739
21747
21756
21789
21802
21827
21869
21877
21889
21893
21909
21938
21964
21988
21996
22010
22011
22044
22049
22050
22052
22061
22064
22088
22109
22122
22139
22145
22157
22168
22183
22195
22197
22205
22210
22230
22234
22253
22263
22270
22305
22308
22325
22346
22382
22398
22435
22444
22457
22463
22476
22481
22501
22515
22554
22589
22625
22674
22680
22682
22693
22701
22708
22714
22725
22743
22763
22764
22806
22812
22817
22828
22867
22871
22874
22879
22889
22899
22901
22953
22955
22982
23052
23117
23145
23151
23163
23164
23168
23184
23191
23205
23238
23278
23281
23297
23316
23321
23328
23335
23356
23420
23445
23450
23460
23478
23511
23517
23537
23565
23568
23580
23591
23603
23605
23622
23625
23634
23641
23669
23686
23691
23727
23729
23747
23752
23762
23800
23809
23825
23838
23843
23855
23877
23887
23888
23904
23910
23912
23934
23940
23943
23960
23965
23988
23990
24007
24027
24033
24063
24065
24096
24103
24184
24189
24244
24249
24261
24267
24288
24300
24304
24324
24346
24351
24368
24382
24385
24395
24409
24449
24470
24494
24509
24513
24516
24525
24544
24570
24574
24608
24611
24613
24627
24640
24646
24698
24704
24710
24717
24756
24762
24776
24779
24785
24825
24828
24829
24862
24885
24894
24903
24920
24935
24946
24949
24964
24966
25011
25047
25050
25078
25109
25128
25161
25182
25193
25213
25231
25239
25247
25261
25262
25265
25286
25334
25356
25358
25359
25365
25412
25416
25423
25515
25534
25541
25551
25557
25583
25586
25603
25612
25622
25634
25662
25677
25707
25725
25742
25746
25782
25804
25815
25869
25873
25883
25891
25904
25944
25959
25963
25973
26008
26018
26028
26032
26040
26051
26087
26090
26095
26131
26131
26139
26139
26154
26154
26163
26163
26181
26181
26234
26234
26259
26259
26277
26277
26305
26305
26306
26306
26324
26324
26369
26369
26370
26370
26373
26373
26374
26374
26394
26394
26404
26404
26414
26414
26433
26433
26456
26456
26463
26463
26467
26467
26483
26483
26576
26576
26584
26584
26596
26596
26598
26598
26618
26618
26630
26630
26632
26632
26660
26660
26665
26665
26667
26667
26682
26682
26691
26691
26751
26751
26753
26753
26755
26755
26782
26782
26811
26811
26836
26836
26874
26874
26878
26878
26925
26925
26964
26964
26967
26967
26968
26968
26974
26974
27000
27000
27004
27004
27024
27024
27039
27039
27043
27043
27066
27066
27083
27083
27106
27106
27109
27109
27127
27127
27137
27137
27151
27151
27177
27177
27191
27191
27195
27195
27207
27207
27214
27214
27217
27217
27239
27239
27291
27291
27294
27294
27348
27348
27380
27380
27393
27393
27402
27402
27404
27404
27405
27405
27411
27411
27422
27422
27435
27435
27447
27447
27454
27454
27500
27500
27513
27513
27519
27519
27525
27525
27529
27529
27541
27541
27598
27598
27630
27630
27643
27643
27646
27646
27650
27650
27669
27669
27732
27732
27753
27753
27763
27763
27776
27776
27804
27804
27811
27811
27817
27817
27820
27820
27824
27824
27826
27826
27831
27831
27861
27861
27865
27865
27879
27879
27891
27891
27897
27897
27906
27906
27911
27911
27914
27914
27956
27956
27979
27999
28013
28022
28049
28061
28075
28085
28089
28090
28135
28147
28150
28185
28186
28193
28210
28239
28286
28290
28321
28345
28352
28399
28425
28438
28441
28453
28459
28462
28463
28473
28502
28523
28528
28538
28548
28559
28562
28656
28661
28683
28686
28693
28703
28718
28727
28786
28813
28826
28840
28842
28846
28860
28868
28871
28875
28877
28878
28894
28946
28972
28980
29005
29019
29036
29041
29098
29099
29114
29145
29152
29159
29162
29182
29210
29257
29279
29281
29286
29295
29298
29302
29304
29316
29323
29338
29341
29359
29363
29388
29390
29400
29413
29426
29428
29441
29466
29473
29504
29512
29526
29533
29542
29567
29584
29647
29650
29657
29681
29681
29716
29723
29740
29748
29772
29773
29851
29870
29872
29904
29942
29961
29962
29975
29991
30003
30030
30052
30107
30108
30109
30113
30128
30167
30177
30183
30207
30212
30219
30225
30259
30304
30308
30314
30331
30336
30354
30356
30360
30368
30378
30380
30388
30403
30407
30417
30432
30436
30464
30496
30539
30546
30551
30574
30584
30586
30653
30676
30684
30685
30708
30736
30742
30746
30747
30758
30760
30770
30777
30787
30803
30850
30853
30860
30861
30862
30877
30889
30911
30931
31024
31058
31124
31132
31158
31166
31203
31209
31243
31256
31274
31275
31355
31433
31437
31472
31477
31492
31530
31542
31581
31585
31615
31619
31672
31679
31686
31738
31748
31754
31757
31758
31763
31777
31779
31783
31789
31858
31880
31888
31904
31912
31914
31922
31952
31957
31963
31997
31998
32028
32033
32036
32045
32059
32066
32080
32088
32095
32096
32126
32157
32158
32173
32186
32206
32235
32237
32239
32242
32255
32263
32266
32267
32270
32272
32300
32336
32347
32359
32365
32371
32377
32395
32398
32403
32433
32451
32455
32460
32470
32478
32486
32487
32517
32565
32580
32590
32591
32592
32598
32599
32607
32644
32645
32650
32664
32727
32737
32747
32748
32770
32785
32789
32805
32815
32818
32866
32872
32874
32875
32880
32904
32912
32916
32917
32926
32930
32960
32961
32971
32997
32999
33021
33034
33042
33052
33076
33077
33084
33103
33104
33105
33119
33137
33160
33174
33201
33228
33234
33253
33269
33270
33276
33280
33294
33316
33317
33318
33322
33329
33331
33337
33355
33357
33371
33374
33375
33385
33405
33415
33419
33439
33444
33451
33468
33476
33488
33500
33533
33540
33584
33585
33612
33617
33624
33630
33638
33640
33672
33693
33714
33720
33721
33747
33759
33809
33820
33851
33852
33854
33883
33888
33901
33939
33953
33954
33986
34026
34037
34105
34106
34137
34156
34172
34198
34206
34244
34260
34274
34275
34290
34295
34300
34304
34307
34339
34363
34365
34386
34388
34396
34406
34413
34436
34440
34450
34460
34462
34470
34488
34499
34501
34503
34515
34524
34547
34548
34588
34623
34624
34631
34667
34677
34749
34770
34824
34851
34866
34926
34931
34947
34953
34983
35010
35020
35088
35091
35097
35113
35138
35144
35148
35158
35196
35208
35216
35230
35252
35253
35279
35285
35288
35299
35320
35360
35452
35498
35536
35549
35571
35573
35592
35610
35626
35642
35643
35743
35763
35771
35792
35800
35806
35814
35853
35861
35879
35885
35887
35895
35908
35942
35981
36020
36047
36051
36059
36069
36091
36150
36156
36165
36173
36196
36200
36209
36212
36213
36217
36239
36259
36269
36276
36287
36309
36326
36327
36345
36350
36359
36360
36380
36449
36493
36499
36523
36541
36573
36591
36633
36655
36663
36680
36703
36712
36732
36734
36738
36742
36748
36760
36788
36799
36808
36819
36831
36836
36840
36854
36855
36869
36880
36943
36952
36953
36965
36978
36991
37002
37004
37007
37067
37075
37083
37096
37100
37140
37142
37155
37178
37180
37184
37253
37265
37281
37295
37299
37302
37314
37348
37349
37356
37374
37424
37465
37487
37491
37504
37507
37508
37542
37545
37553
37561
37570
37572
37599
37608
37625
37650
37679
37683
37689
37726
37728
37766
37796
37803
37816
37828
37900
37913
37948
37961
37981
37987
38025
38037
38039
38040
38043
38048
38058
38065
38094
38104
38110
38122
38126
38149
38152
38158
38161
38169
38180
38181
38186
38247
38257
38262
38269
38295
38301
38305
38319
38370
38389
38395
38424
38445
38453
38457
38463
38471
38555
38594
38605
38606
38619
38638
38649
38685
38696
38716
38720
38743
38775
38810
38822
38828
38829
38839
38839
38864
38884
38888
38895
38896
38900
38904
38918
38926
38936
38966
38975
39016
39021
39057
39061
39063
39073
39083
39097
39101
39131
39143
39178
39186
39221
39235
39260
39270
39276
39278
39315
39320
39337
39338
39342
39346
39348
39373
39403
39420
39439
39449
39464
39476
39502
39515
39536
39545
39584
39602
39623
39633
39647
39657
39661
39684
39724
39757
39760
39771
39773
39780
39781
39803
39828
39839
39848
39855
39869
39906
39914
39920
39924
39953
39977
39989
40002
40036
40058
40062
40068
40083
40086
40091
40111
40116
40122
40133
40161
40216
40226
40234
40238
40242
40258
40281
40291
40296
40307
40322
40327
40328
40358
40361
40384
40394
40404
40414
40434
40439
40464
40527
40528
40540
40547
40569
40587
40594
40605
40635
40639
40666
40672
40700
40707
40721
40740
40759
40760
40768
40770
40799
40816
40818
40826
40856
40864
40961
40970
40972
41000
41010
41018
41021
41041
41043
41067
41089
41109
41119
41147
41160
41164
41168
41245
41256
41284
41286
41296
41298
41299
41304
41305
41315
41333
41354
41378
41382
41456
41465
41515
41520
41530
41536
41557
41567
41584
41593
41611
41615
41650
41690
41707
41714
41723
41732
41741
41749
41756
41804
41805
41810
41813
41881
41889
41903
41969
41974
41998
42008
42032
42062
42096
42108
42112
42140
42145
42177
42179
42219
42236
42274
42320
42326
42335
42370
42371
42451
42462
42493
42511
42514
42515
42536
42546
42561
42591
42605
42615
42626
42634
42657
42687
42693
42712
42744
42753
42765
42774
42784
42813
42827
42847
42862
42882
42898
42906
42983
42999
43019
43025
43039
43068
43082
43084
43086
43088
43108
43109
43122
43130
43132
43138
43215
43217
43223
43233
43239
43241
43251
43269
43288
43292
43297
43320
43341
43359
43456
43470
43475
43488
43513
43519
43524
43529
43542
43564
43580
43585
43615
43633
43671
43673
43693
43697
43707
43718
43723
43728
43729
43755
43768
43783
43789
43811
43829
43858
43873
43878
43888
43896
43899
43906
43912
43918
43930
43955
43961
43975
43977
44032
44036
44037
44041
44052
44057
44064
44088
44105
44121
44124
44139
44169
44175
44238
44255
44257
44280
44284
44327
44336
44338
44382
44400
44404
44405
44406
44408
44444
44535
44625
44640
44652
44666
44676
44678
44688
44698
44710
44722
44754
44758
44768
44787
44828
44848
44854
44861
44862
44881
44892
44908
44928
44935
44957
44965
44981
44984
44989
45004
45014
45015
45060
45062
45074
45077
45126
45172
45186
45213
45234
45251
45256
45283
45286
45300
45412
45417
45426
45455
45462
45466
45469
45472
45480
45494
45540
45545
45555
45567
45579
45589
45601
45617
45636
45638
45655
45663
45756
45763
45767
45774
45776
45777
45799
45807
45808
45812
45837
45840
45848
45850
45852
45866
45876
45895
45904
45923
45957
45981
46008
46019
46032
46043
46066
46079
46089
46095
46118
46146
46166
46188
46195
46236
46240
46260
46279
46289
46295
46297
46322
46340
46342
46345
46362
46378
46379
46431
46445
46449
46467
46507
46509
46523
46560
46570
46630
46634
46648
46650
46664
46665
46681
46696
46711
46725
46729
46754
46768
46777
46780
46783
46787
46792
46816
46855
46861
46875
46887
46903
46906
46932
46942
46964
46971
46977
46978
46990
47003
47009
47025
47026
47049
47077
47097
47098
47105
47163
47190
47196
47201
47204
47234
47285
47289
47294
47313
47327
47334
47342
47398
47433
47439
47457
47459
47468
47489
47511
47547
47552
47565
47571
47574
47578
47580
47597
47598
47632
47637
47646
47660
47666
47672
47679
47685
47703
47738
47763
47768
47775
47791
47808
47814
47817
47820
47831
47836
47838
47870
47886
47888
47889
47927
47962
47986
48013
48022
48034
48056
48077
48099
48108
48125
48132
48154
48158
48162
48168
48193
48195
48201
48214
48231
48235
48239
48272
48281
48297
48300
48330
48356
48358
48359
48361
48362
48365
48391
48395
48407
48411
48421
48423
48425
48433
48454
48469
48481
48548
48550
48559
48566
48603
48624
48632
48683
48694
48699
48732
48733
48759
48761
48786
48791
48877
48880
48884
48885
48932
48938
48984
48987
49021
49037
49040
49057
49067
49073
49075
49077
49079
49095
49096
49102
49111
49116
49117
49122
49175
49199
49217
49220
49221
49230
49246
49258
49262
49263
49266
49278
49284
49292
49296
49308
49322
49354
49357
49368
49389
49397
49427
49430
49453
49460
49485
49488
49513
49532
49553
49578
49600
49606
49619
49630
49639
49670
49676
49678
49681
49694
49714
49733
49737
49775
49787
49816
49817
49843
49851
49872
49882
49886
49906
49918
49922
49937
49947
49958
50008
50014
50033
50060
50133
50144
50188
50220
50269
50279
50297
50307
50323
50326
50344
50351
50361
50368
50376
50414
50422
50437
50439
50457
50472
50477
50487
50508
50511
50512
50514
50532
50552
50560
50584
50616
50622
50623
50625
50667
50669
50703
50707
50721
50748
50766
50774
50783
50812
50827
50850
50853
50857
50862
50872
50894
50899
50923
50925
50939
50941
50967
50976
50994
50996
51011
51013
51019
51054
51077
51081
51099
51123
51144
51147
51150
51154
51166
51174
51182
51183
51197
51228
51232
51259
51267
51297
51303
51317
51375
51377
51424
51430
51471
51477
51489
51523
51526
51560
51574
51611
51612
51647
51679
51685
51695
51707
51753
51759
51765
51780
51782
51787
51795
51820
51864
51866
51880
51892
51898
51959
51968
52002
52007
52024
52029
52098
52105
52139
52144
52146
52151
52187
52214
52216
52233
52247
52344
52356
52368
52416
52426
52431
52435
52445
52447
52469
52492
52561
52563
52595
52615
52642
52645
52652
52657
52661
52663
52678
52738
52742
52746
52750
52770
52774
52775
52778
52794
52798
52808
52843
52846
52919
52928
52929
52934
52938
52939
52944
52988
52992
53012
53021
53025
53028
53031
53045
53053
53056
53060
53062
53102
53108
53118
53136
53199
53266
53269
53305
53320
53337
53338
53368
53398
53402
53407
53408
53455
53457
53460
53473
53493
53532
53567
53583
53592
53595
53616
53617
53623
53644
53649
53661
53681
53683
53685
53689
53709
53718
53766
53778
53786
53818
53827
53829
53831
53849
53870
53871
53887
53899
53904
53917
53933
53952
53959
53972
53994
54000
54008
54024
54025
54037
54039
54045
54068
54081
54156
54162
54168
54170
54182
54196
54227
54232
54243
54249
54257
54296
54302
54325
54341
54342
54357
54362
54366
54375
54397
54401
54417
54423
54425
54449
54475
54491
54500
54512
54537
54552
54564
54569
54582
54617
54624
54648
54656
54670
54674
54676
54684
54701
54705
54743
54747
54764
54788
54799
54810
54813
54826
54852
54896
54920
54924
54952
54958
54972
54974
55004
55031
55037
55049
55060
55068
55085
55092
55100
55149
55154
55179
55183
55226
55245
55266
55277
55292
55296
55327
55355
55425
55470
55473
55477
55512
55518
55529
55561
55563
55575
55609
55624
55691
55708
55720
55725
55734
55744
55760
55769
55782
55793
55807
55808
55821
55882
55888
55917
55924
55930
55945
55956
55964
55978
56016
56023
56039
56042
56049
56055
56057
56082
56118
56120
56124
56135
56143
56149
56152
56161
56191
56229
56254
56255
56267
56268
56273
56276
56290
56307
56339
56365
56366
56390
56398
56400
56405
56428
56440
56448
56458
56460
56461
56466
56472
56498
56499
56523
56565
56578
56620
56622
56623
56624
56649
56659
56665
56681
56699
56728
56778
56798
56804
56833
56850
56851
56880
56947
56955
56957
56959
56961
56979
57032
57067
57068
57080
57086
57117
57125
57129
57149
57152
57159
57204
57208
57214
57222
57224
57233
57242
57345
57354
57358
57400
57418
57423
57429
57445
57446
57455
57456
57467
57475
57521
57533
57546
57548
57560
57568
57580
57592
57609
57613
57631
57639
57647
57681
57685
57695
57764
57766
57776
57836
57849
57865
57881
57882
57897
57899
57902
57944
57945
57949
57996
58042
58049
58070
58090
58101
58120
58124
58126
58152
58156
58182
58200
58213
58269
58299
58318
58324
58332
58348
58366
58411
58427
58449
58462
58474
58526
58549
58568
58589
58593
58599
58602
58624
58630
58633
58665
58667
58691
58694
58700
58731
58736
58747
58749
58750
58754
58768
58774
58787
58797
58825
58838
58841
58845
58848
58854
58858
58860
58867
58881
58905
58924
58925
58930
58951
58985
59001
59015
59022
59038
59065
59068
59087
59102
59108
59122
59126
59132
59151
59157
59187
59195
59212
59215
59235
59246
59266
59268
59286
59289
59415
59418
59425
59433
59439
59460
59463
59482
59499
59506
59509
59512
59562
59603
59624
59630
59643
59657
59665
59676
59773
59775
59785
59811
59819
59840
59858
59860
59880
59888
59892
59893
59902
59948
59952
59958
59985
59998
60021
60096
60112
60119
60144
60145
60158
60234
60271
60316
60325
60334
60335
60340
60388
60409
60435
60438
60452
60467
60472
60478
60511
60527
60570
60584
60597
60612
60615
60622
60629
60634
60645
60652
60681
60707
60710
60725
60737
60756
60782
60795
60823
60825
60836
60864
60871
60874
60879
60911
60919
60948
60950
60969
60979
60987
61020
61027
61051
61058
61108
61110
61133
61169
61173
61192
61285
61302
61314
61315
61338
61349
61370
61405
61414
61415
61417
61425
61427
61428
61454
61475
61488
61519
61551
61561
61571
61574
61600
61605
61606
61609
61610
61683
61693
61726
61776
61789
61839
61846
61848
61853
61855
61859
61866
61880
61882
61903
61915
61937
61939
61940
61953
61974
61975
61994
62016
62024
62029
62045
62058
62066
62082
62092
62096
62119
62122
62148
62153
62155
62168
62174
62213
62224
62237
62239
62253
62264
62275
62277
62282
62295
62325
62376
62377
62381
62395
62399
62413
62425
62430
62432
62453
62467
62496
62499
62517
62519
62532
62606
62607
62612
62638
62648
62665
62671
62685
62688
62693
62696
62718
62750
62751
62759
62772
62807
62859
62864
62872
62889
62894
62895
62909
62930
62941
63014
63015
63061
63068
63093
63101
63115
63119
63122
63133
63151
63161
63168
63177
63192
63194
63196
63228
63240
63243
63258
63271
63283
63329
63346
63366
63369
63374
63392
63420
63421
63425
63426
63433
63434
63435
63451
63460
63465
63467
63471
63483
63520
63521
63523
63546
63622
63648
63652
63656
63713
63717
63741
63748
63768
63770
63784
63790
63805
63806
63809
63831
63838
63849
63853
63884
63921
63925
63936
63952
63966
63972
63975
63988
64010
64014
64019
64054
64071
64072
64085
64099
64111
64113
64123
64126
64127
64135
64197
64200
64218
64225
64238
64240
64281
64299
64305
64321
64324
64333
64334
64335
64350
64366
64370
64386
64390
64400
64437
64449
64451
64495
64504
64530
64532
64583
64607
64621
64635
64648
64657
64706
64720
64735
64737
64740
64755
64763
64768
64780
64807
64817
64857
64860
64878
64880
64887
64888
64924
64932
64952
64969
64989
65004
65019
65033
65037
65048
65097
65099
65111
65112
65116
65124
65138
65150
65184
65220
65257
65298
65333
65352
65356
65367
65375
65385
65421
65427
65430
65434
65449
65471
65487
65502
65514
65526
