[
[-2074.08, -2476.00, -4865.26, 400],
[-2061.86, -2457.00, -4914.13, 401],
[-2048.50, -2427.00, -4962.85, 402],
[-2035.11, -2401.00, -5011.72, 403],
[-2021.68, -2379.00, -5060.72, 404],
[-2008.22, -2361.00, -5109.86, 405],
[-1994.73, -2347.00, -5159.13, 406],
[-1981.20, -2337.00, -5208.54, 407],
[-1967.63, -2331.00, -5258.09, 408],
[-1954.04, -2329.00, -5307.77, 409],
[-1940.41, -2331.00, -5357.59, 410],
[-1926.74, -2337.00, -5407.54, 411],
[-1913.04, -2347.00, -5457.64, 412],
[-1899.31, -2361.00, -5507.86, 413],
[-1885.54, -2379.00, -5558.23, 414],
[-1871.74, -2401.00, -5608.73, 415],
[-1857.90, -2427.00, -5659.37, 416],
[-1844.03, -2457.00, -5710.14, 417],
[-1823.51, -2457.00, -5753.53, 418],
[-1795.51, -2457.00, -5791.28, 419],
[-1761.43, -2457.00, -5822.18, 420],
[-1722.83, -2457.00, -5845.31, 421],
[-1681.40, -2457.00, -5860.13, 422],
[-1639.14, -2457.00, -5868.07, 423],
[-1605.20, -2404.25, -5874.53, 424],
[-1571.12, -2355.50, -5881.03, 425],
[-1536.88, -2310.75, -5887.55, 426],
[-1504.71, -2270.00, -5902.15, 427],
[-1473.07, -2233.25, -5916.64, 428],
[-1438.90, -2200.50, -5916.71, 429],
[-1404.90, -2171.75, -5916.75, 430],
[-1371.08, -2147.00, -5916.76, 431],
[-1337.43, -2126.25, -5916.73, 432],
[-1303.96, -2109.50, -5916.67, 433],
[-1270.66, -2096.75, -5916.57, 434],
[-1237.56, -2088.00, -5916.82, 435],
[-1151.00, -2083.25, -5830.29, 436],
[-1153.27, -2021.25, -5862.61, 437],
[-1155.77, -1963.25, -5893.75, 438],
[-1153.04, -1909.25, -5852.76, 439],
[-1141.50, -1859.25, -5880.88, 440],
[-1135.66, -1836.25, -5895.35, 441],
[-1151.00, -1840.25, -5975.29, 442],
[-1121.03, -1778.25, -6042.49, 443],
[-1091.38, -1720.25, -6057.95, 444],
[-1061.73, -1666.25, -6073.41, 445],
[-1032.07, -1616.25, -6088.87, 446],
[-1000.46, -1570.25, -6094.73, 447],
[-968.70, -1528.25, -6100.62, 448],
[-921.90, -1517.75, -6108.42, 449],
[-874.95, -1511.25, -6116.26, 450],
[-827.86, -1508.75, -6124.12, 451],
[-780.64, -1510.25, -6132.00, 452],
[-733.27, -1515.75, -6139.91, 453],
[-685.76, -1525.25, -6147.85, 454],
[-638.11, -1538.75, -6155.82, 455],
[-590.32, -1556.25, -6163.81, 456],
[-542.39, -1577.75, -6171.83, 457],
[-494.32, -1603.25, -6179.87, 458],
[-446.11, -1632.75, -6187.94, 459],
[-397.76, -1666.25, -6196.04, 460],
[-349.27, -1703.75, -6204.16, 461],
[-300.64, -1745.25, -6212.31, 462],
[-251.86, -1790.75, -6220.49, 463],
[-215.18, -1817.00, -6226.64, 464],
[-166.28, -1787.00, -6235.75, 465],
[-117.24, -1761.00, -6244.88, 466],
[-68.05, -1739.00, -6254.04, 467],
[-18.71, -1721.00, -6263.22, 468],
[30.78, -1707.00, -6272.44, 469],
[80.41, -1697.00, -6281.68, 470],
[130.19, -1691.00, -6290.95, 471],
[180.12, -1689.00, -6300.24, 472],
[230.20, -1691.00, -6309.57, 473],
[280.42, -1697.00, -6318.92, 474],
[330.79, -1707.00, -6328.30, 475],
[381.31, -1721.00, -6337.71, 476],
[431.98, -1739.00, -6347.15, 477],
[482.79, -1761.00, -6356.61, 478],
[533.75, -1787.00, -6366.10, 479],
[584.86, -1817.00, -6375.62, 480],
[625.97, -1762.00, -6382.86, 481],
[667.22, -1711.01, -6390.12, 482],
[708.62, -1664.01, -6397.41, 483],
[750.16, -1621.01, -6404.73, 484],
[791.86, -1582.02, -6412.07, 485],
[833.62, -1547.02, -6419.84, 486],
[872.79, -1538.27, -6436.80, 487],
[911.11, -1533.52, -6453.61, 488],
[948.59, -1532.77, -6470.26, 489],
[985.22, -1536.02, -6486.75, 490],
[986.00, -1543.28, -6503.00, 491],
[986.00, -1481.28, -6503.00, 492],
[986.00, -1423.28, -6503.00, 493],
[994.64, -1369.28, -6503.00, 494],
[1041.37, -1342.00, -6503.00, 495],
[1052.45, -1332.00, -6501.04, 496],
[1095.24, -1322.00, -6490.74, 497],
[1142.55, -1269.00, -6481.75, 498],
[1189.98, -1220.00, -6472.72, 499],
[1237.51, -1175.00, -6463.67, 500],
[1285.14, -1133.99, -6454.60, 501],
[1332.88, -1096.99, -6445.50, 502],
[1380.73, -1063.99, -6436.37, 503],
[1428.68, -1034.99, -6427.22, 504],
[1476.74, -1009.99, -6418.04, 505],
[1524.90, -988.99, -6408.84, 506],
[1573.17, -971.99, -6399.61, 507],
[1621.55, -958.98, -6390.36, 508],
[1670.03, -949.98, -6381.08, 509],
[1718.62, -944.98, -6371.77, 510],
[1767.31, -943.98, -6362.44, 511],
[1816.11, -946.98, -6353.09, 512],
[1865.01, -953.98, -6343.71, 513],
[1914.02, -964.98, -6334.30, 514],
[1963.14, -979.97, -6324.87, 515],
[2012.36, -998.97, -6315.41, 516],
[2061.69, -1021.97, -6305.93, 517],
[2111.12, -1048.97, -6296.42, 518],
[2160.66, -1079.97, -6286.89, 519],
[2210.31, -1114.97, -6277.33, 520],
[2260.06, -1153.96, -6267.75, 521],
[2309.92, -1196.96, -6258.14, 522],
[2359.88, -1243.96, -6248.50, 523],
[2409.95, -1294.96, -6238.84, 524],
[2460.13, -1349.00, -6229.15, 525],
[2472.66, -1339.00, -6226.53, 526],
[2485.04, -1329.00, -6223.88, 527],
[2534.29, -1319.00, -6212.03, 528],
[2573.65, -1254.59, -6205.50, 529],
[2613.10, -1194.18, -6198.96, 530],
[2652.64, -1137.77, -6192.40, 531],
[2692.26, -1085.36, -6185.82, 532],
[2731.96, -1036.95, -6179.22, 533],
[2771.74, -992.54, -6172.60, 534],
[2778.00, -952.13, -6165.95, 535],
[2787.99, -915.72, -6159.22, 536],
[2828.01, -901.00, -6152.46, 537],
[2856.71, -832.00, -6136.26, 538],
[2885.70, -767.00, -6120.00, 539],
[2914.51, -706.00, -6103.05, 540],
[2943.33, -649.00, -6086.11, 541],
[2972.15, -596.00, -6069.17, 542],
[3000.97, -547.00, -6052.23, 543],
[3029.78, -502.00, -6035.29, 544],
[3058.60, -461.00, -6018.35, 545],
[3089.83, -424.00, -6010.83, 546],
[3121.21, -391.00, -6003.28, 547],
[3152.74, -362.00, -5995.69, 548],
[3184.42, -337.00, -5988.06, 549],
[3216.24, -316.00, -5980.40, 550],
[3262.78, -299.00, -5969.20, 551],
[3310.77, -266.61, -5965.89, 552],
[3319.68, -263.03, -5962.26, 553],
[3357.97, -253.95, -5948.06, 554],
[3398.18, -230.21, -5925.22, 555],
[3444.23, -202.21, -5911.18, 556],
[3490.43, -176.21, -5897.10, 557],
[3536.78, -152.21, -5882.98, 558],
[3583.26, -130.21, -5868.82, 559],
[3629.89, -110.21, -5854.62, 560],
[3676.65, -92.21, -5840.37, 561],
[3723.56, -76.21, -5826.08, 562],
[3770.62, -62.21, -5811.76, 563],
[3817.81, -50.21, -5797.38, 564],
[3865.15, -40.21, -5782.97, 565],
[3912.63, -32.21, -5768.52, 566],
[3960.25, -26.21, -5754.02, 567],
[4008.01, -22.21, -5739.49, 568],
[4055.92, -20.21, -5724.91, 569],
[4103.96, -0.00, -5710.29, 570],
[4152.15, -0.00, -5696.15, 571],
[4199.38, -0.00, -5682.30, 572],
[4245.66, -0.00, -5668.72, 573],
[4291.02, -0.00, -5655.42, 574],
[4335.47, -0.00, -5642.38, 575]
]
